BuildVersion: 10.9.0.31759
ProductVersion: 10.9.0.31759
