BuildVersion: 10.7.0.26214
ProductVersion: 10.7.0.26214
